{
  "accessors": [
    {
      "bufferView": 2,
      "componentType": 5126,
      "count": 27,
      "max": [
        104.18720245361328,
        453.3558044433594,
        15.030547142028809
      ],
      "min": [
        -89.31306457519531,
        1.672385028790579e-30,
        -100.59963989257813
      ],
      "type": "VEC3"
    },
    {
      "bufferView": 2,
      "byteOffset": 324,
      "componentType": 5126,
      "count": 27,
      "max": [
        0.5251661539077759,
        0.651573121547699,
        0.9572194218635559
      ],
      "min": [
        -0.7502946853637695,
        -0.288998544216156,
        0.6124886274337769
      ],
      "type": "VEC3"
    },
    {
      "bufferView": 3,
      "componentType": 5126,
      "count": 27,
      "max": [
        0.9759253263473511,
        0.1490628719329834,
        0.7503047585487366,
        1.0
      ],
      "min": [
        0.6610921025276184,
        -0.33749157190322876,
        -0.5133833885192871,
        1.0
      ],
      "type": "VEC4"
    },
    {
      "bufferView": 1,
      "componentType": 5126,
      "count": 27,
      "max": [
        0.7391576766967773,
        0.987628161907196
      ],
      "min": [
        0.3342475891113281,
        0.0012987852096557617
      ],
      "type": "VEC2"
    },
    {
      "bufferView": 1,
      "byteOffset": 216,
      "componentType": 5126,
      "count": 27,
      "max": [
        0.7391576766967773,
        0.987628161907196
      ],
      "min": [
        0.3342475891113281,
        0.0012987852096557617
      ],
      "type": "VEC2"
    },
    {
      "bufferView": 0,
      "componentType": 5125,
      "count": 69,
      "type": "SCALAR"
    },
    {
      "bufferView": 2,
      "byteOffset": 648,
      "componentType": 5126,
      "count": 27,
      "max": [
        97.10247802734375,
        422.527587890625,
        14.008469581604004
      ],
      "min": [
        -83.23977661132813,
        1.5586629092750794e-30,
        -93.75886535644531
      ],
      "type": "VEC3"
    },
    {
      "bufferView": 2,
      "byteOffset": 972,
      "componentType": 5126,
      "count": 27,
      "max": [
        0.5251661539077759,
        0.6515731811523438,
        0.9572194218635559
      ],
      "min": [
        -0.7502948045730591,
        -0.288998544216156,
        0.6124886274337769
      ],
      "type": "VEC3"
    },
    {
      "bufferView": 3,
      "byteOffset": 432,
      "componentType": 5126,
      "count": 27,
      "max": [
        0.9759253263473511,
        0.14906242489814758,
        0.7503048777580261,
        1.0
      ],
      "min": [
        0.6610920429229736,
        -0.33749160170555115,
        -0.5133833885192871,
        1.0
      ],
      "type": "VEC4"
    },
    {
      "bufferView": 1,
      "byteOffset": 432,
      "componentType": 5126,
      "count": 27,
      "max": [
        0.7391576766967773,
        0.987628161907196
      ],
      "min": [
        0.3342475891113281,
        0.0012987852096557617
      ],
      "type": "VEC2"
    },
    {
      "bufferView": 1,
      "byteOffset": 648,
      "componentType": 5126,
      "count": 27,
      "max": [
        0.7391576766967773,
        0.987628161907196
      ],
      "min": [
        0.3342475891113281,
        0.0012987852096557617
      ],
      "type": "VEC2"
    },
    {
      "bufferView": 0,
      "byteOffset": 276,
      "componentType": 5125,
      "count": 69,
      "type": "SCALAR"
    },
    {
      "bufferView": 2,
      "byteOffset": 1296,
      "componentType": 5126,
      "count": 19,
      "max": [
        27.66741371154785,
        292.6400146484375,
        8.354120254516602
      ],
      "min": [
        -38.81697082519531,
        1.2516721005118063e-16,
        -60.08765411376953
      ],
      "type": "VEC3"
    },
    {
      "bufferView": 2,
      "byteOffset": 1524,
      "componentType": 5126,
      "count": 19,
      "max": [
        0.334889680147171,
        0.5508549213409424,
        0.9990044832229614
      ],
      "min": [
        -0.4342586398124695,
        -0.35033831000328064,
        0.8160511255264282
      ],
      "type": "VEC3"
    },
    {
      "bufferView": 3,
      "byteOffset": 864,
      "componentType": 5126,
      "count": 19,
      "max": [
        0.9998552203178406,
        0.1340089589357376,
        0.4580371379852295,
        1.0
      ],
      "min": [
        0.8889331817626953,
        -0.1193670779466629,
        -0.34206056594848633,
        1.0
      ],
      "type": "VEC4"
    },
    {
      "bufferView": 1,
      "byteOffset": 864,
      "componentType": 5126,
      "count": 19,
      "max": [
        0.24696603417396545,
        0.8483977317810059
      ],
      "min": [
        0.06892043352127075,
        0.00019299983978271484
      ],
      "type": "VEC2"
    },
    {
      "bufferView": 1,
      "byteOffset": 1016,
      "componentType": 5126,
      "count": 19,
      "max": [
        0.24696603417396545,
        0.8483977317810059
      ],
      "min": [
        0.06892043352127075,
        0.00019299983978271484
      ],
      "type": "VEC2"
    },
    {
      "bufferView": 0,
      "byteOffset": 552,
      "componentType": 5125,
      "count": 60,
      "type": "SCALAR"
    },
    {
      "bufferView": 2,
      "byteOffset": 1752,
      "componentType": 5126,
      "count": 19,
      "max": [
        27.66741371154785,
        292.6400146484375,
        8.354120254516602
      ],
      "min": [
        -38.81697082519531,
        1.2516721005118063e-16,
        -60.08765411376953
      ],
      "type": "VEC3"
    },
    {
      "bufferView": 2,
      "byteOffset": 1980,
      "componentType": 5126,
      "count": 19,
      "max": [
        0.334889680147171,
        0.5508549213409424,
        0.9990044832229614
      ],
      "min": [
        -0.4342586398124695,
        -0.35033831000328064,
        0.8160511255264282
      ],
      "type": "VEC3"
    },
    {
      "bufferView": 3,
      "byteOffset": 1168,
      "componentType": 5126,
      "count": 19,
      "max": [
        0.9998552203178406,
        0.1340089589357376,
        0.4580371379852295,
        1.0
      ],
      "min": [
        0.8889331817626953,
        -0.1193670779466629,
        -0.34206056594848633,
        1.0
      ],
      "type": "VEC4"
    },
    {
      "bufferView": 1,
      "byteOffset": 1168,
      "componentType": 5126,
      "count": 19,
      "max": [
        0.24696603417396545,
        0.8483977317810059
      ],
      "min": [
        0.06892043352127075,
        0.00019299983978271484
      ],
      "type": "VEC2"
    },
    {
      "bufferView": 1,
      "byteOffset": 1320,
      "componentType": 5126,
      "count": 19,
      "max": [
        0.24696603417396545,
        0.8483977317810059
      ],
      "min": [
        0.06892043352127075,
        0.00019299983978271484
      ],
      "type": "VEC2"
    },
    {
      "bufferView": 0,
      "byteOffset": 792,
      "componentType": 5125,
      "count": 60,
      "type": "SCALAR"
    },
    {
      "bufferView": 2,
      "byteOffset": 2208,
      "componentType": 5126,
      "count": 26,
      "max": [
        40.25077438354492,
        225.5118865966797,
        17.850082397460938
      ],
      "min": [
        -21.9774169921875,
        0.0,
        -63.47107696533203
      ],
      "type": "VEC3"
    },
    {
      "bufferView": 2,
      "byteOffset": 2520,
      "componentType": 5126,
      "count": 26,
      "max": [
        0.7100805640220642,
        0.977411150932312,
        0.887461245059967
      ],
      "min": [
        -0.7668357491493225,
        -0.22404906153678894,
        0.027705295011401176
      ],
      "type": "VEC3"
    },
    {
      "bufferView": 3,
      "byteOffset": 1472,
      "componentType": 5126,
      "count": 26,
      "max": [
        0.9243718385696411,
        0.4253261983394623,
        0.7231449484825134,
        1.0
      ],
      "min": [
        0.5369268655776978,
        -0.4648860692977905,
        -0.7331321239471436,
        1.0
      ],
      "type": "VEC4"
    },
    {
      "bufferView": 1,
      "byteOffset": 1472,
      "componentType": 5126,
      "count": 26,
      "max": [
        0.9362196922302246,
        0.7444276809692383
      ],
      "min": [
        0.7519075870513916,
        0.0020598173141479492
      ],
      "type": "VEC2"
    },
    {
      "bufferView": 1,
      "byteOffset": 1680,
      "componentType": 5126,
      "count": 26,
      "max": [
        0.9362196922302246,
        0.7444276809692383
      ],
      "min": [
        0.7519075870513916,
        0.0020598173141479492
      ],
      "type": "VEC2"
    },
    {
      "bufferView": 0,
      "byteOffset": 1032,
      "componentType": 5125,
      "count": 60,
      "type": "SCALAR"
    },
    {
      "bufferView": 2,
      "byteOffset": 2832,
      "componentType": 5126,
      "count": 26,
      "max": [
        40.25077438354492,
        225.5118865966797,
        17.850082397460938
      ],
      "min": [
        -21.9774169921875,
        0.0,
        -63.47107696533203
      ],
      "type": "VEC3"
    },
    {
      "bufferView": 2,
      "byteOffset": 3144,
      "componentType": 5126,
      "count": 26,
      "max": [
        0.7100805640220642,
        0.977411150932312,
        0.887461245059967
      ],
      "min": [
        -0.7668357491493225,
        -0.22404906153678894,
        0.027705295011401176
      ],
      "type": "VEC3"
    },
    {
      "bufferView": 3,
      "byteOffset": 1888,
      "componentType": 5126,
      "count": 26,
      "max": [
        0.9243718385696411,
        0.4253261983394623,
        0.7231449484825134,
        1.0
      ],
      "min": [
        0.5369268655776978,
        -0.4648860692977905,
        -0.7331321239471436,
        1.0
      ],
      "type": "VEC4"
    },
    {
      "bufferView": 1,
      "byteOffset": 1888,
      "componentType": 5126,
      "count": 26,
      "max": [
        0.9362196922302246,
        0.7444276809692383
      ],
      "min": [
        0.7519075870513916,
        0.0020598173141479492
      ],
      "type": "VEC2"
    },
    {
      "bufferView": 1,
      "byteOffset": 2096,
      "componentType": 5126,
      "count": 26,
      "max": [
        0.9362196922302246,
        0.7444276809692383
      ],
      "min": [
        0.7519075870513916,
        0.0020598173141479492
      ],
      "type": "VEC2"
    },
    {
      "bufferView": 0,
      "byteOffset": 1272,
      "componentType": 5125,
      "count": 60,
      "type": "SCALAR"
    },
    {
      "bufferView": 2,
      "byteOffset": 3456,
      "componentType": 5126,
      "count": 19,
      "max": [
        32.89823532104492,
        347.9667053222656,
        9.933555603027344
      ],
      "min": [
        -46.155731201171875,
        1.6819151076185642e-17,
        -71.44786834716797
      ],
      "type": "VEC3"
    },
    {
      "bufferView": 2,
      "byteOffset": 3684,
      "componentType": 5126,
      "count": 19,
      "max": [
        0.33488959074020386,
        0.5508550405502319,
        0.9990044832229614
      ],
      "min": [
        -0.43425866961479187,
        -0.35033831000328064,
        0.8160510063171387
      ],
      "type": "VEC3"
    },
    {
      "bufferView": 3,
      "byteOffset": 2304,
      "componentType": 5126,
      "count": 19,
      "max": [
        0.9998551607131958,
        0.13400898873806,
        0.4580371379852295,
        1.0
      ],
      "min": [
        0.8889331817626953,
        -0.11936724931001663,
        -0.34206050634384155,
        1.0
      ],
      "type": "VEC4"
    },
    {
      "bufferView": 1,
      "byteOffset": 2304,
      "componentType": 5126,
      "count": 19,
      "max": [
        0.24696603417396545,
        0.8483977317810059
      ],
      "min": [
        0.06892043352127075,
        0.00019299983978271484
      ],
      "type": "VEC2"
    },
    {
      "bufferView": 1,
      "byteOffset": 2456,
      "componentType": 5126,
      "count": 19,
      "max": [
        0.24696603417396545,
        0.8483977317810059
      ],
      "min": [
        0.06892043352127075,
        0.00019299983978271484
      ],
      "type": "VEC2"
    },
    {
      "bufferView": 0,
      "byteOffset": 1512,
      "componentType": 5125,
      "count": 60,
      "type": "SCALAR"
    },
    {
      "bufferView": 2,
      "byteOffset": 3912,
      "componentType": 5126,
      "count": 26,
      "max": [
        47.86061477661133,
        268.1473083496094,
        21.224830627441406
      ],
      "min": [
        -26.132482528686523,
        0.0,
        -75.47096252441406
      ],
      "type": "VEC3"
    },
    {
      "bufferView": 2,
      "byteOffset": 4224,
      "componentType": 5126,
      "count": 26,
      "max": [
        0.7100804448127747,
        0.9774112701416016,
        0.887461245059967
      ],
      "min": [
        -0.766835629940033,
        -0.22404904663562775,
        0.027705572545528412
      ],
      "type": "VEC3"
    },
    {
      "bufferView": 3,
      "byteOffset": 2608,
      "componentType": 5126,
      "count": 26,
      "max": [
        0.9243719577789307,
        0.4253259301185608,
        0.7231449484825134,
        1.0
      ],
      "min": [
        0.5369270443916321,
        -0.4648860692977905,
        -0.7331321835517883,
        1.0
      ],
      "type": "VEC4"
    },
    {
      "bufferView": 1,
      "byteOffset": 2608,
      "componentType": 5126,
      "count": 26,
      "max": [
        0.9362196922302246,
        0.7444276809692383
      ],
      "min": [
        0.7519075870513916,
        0.0020598173141479492
      ],
      "type": "VEC2"
    },
    {
      "bufferView": 1,
      "byteOffset": 2816,
      "componentType": 5126,
      "count": 26,
      "max": [
        0.9362196922302246,
        0.7444276809692383
      ],
      "min": [
        0.7519075870513916,
        0.0020598173141479492
      ],
      "type": "VEC2"
    },
    {
      "bufferView": 0,
      "byteOffset": 1752,
      "componentType": 5125,
      "count": 60,
      "type": "SCALAR"
    },
    {
      "bufferView": 2,
      "byteOffset": 4536,
      "componentType": 5126,
      "count": 24,
      "max": [
        67.76631927490234,
        404.2301025390625,
        30.05245018005371
      ],
      "min": [
        -37.001243591308594,
        1.1102230246251565e-16,
        -45.71024703979492
      ],
      "type": "VEC3"
    },
    {
      "bufferView": 2,
      "byteOffset": 4824,
      "componentType": 5126,
      "count": 24,
      "max": [
        0.6842901706695557,
        0.6817237138748169,
        0.887461245059967
      ],
      "min": [
        -0.7653636932373047,
        -0.22404904663562775,
        0.3745812475681305
      ],
      "type": "VEC3"
    },
    {
      "bufferView": 3,
      "byteOffset": 3024,
      "componentType": 5126,
      "count": 24,
      "max": [
        0.895778238773346,
        0.49670180678367615,
        0.7231450080871582,
        1.0
      ],
      "min": [
        0.6164015531539917,
        -0.49620911478996277,
        -0.6789547204971313,
        1.0
      ],
      "type": "VEC4"
    },
    {
      "bufferView": 1,
      "byteOffset": 3024,
      "componentType": 5126,
      "count": 24,
      "max": [
        0.9362196922302246,
        0.7444276809692383
      ],
      "min": [
        0.7519075870513916,
        0.0020598173141479492
      ],
      "type": "VEC2"
    },
    {
      "bufferView": 1,
      "byteOffset": 3216,
      "componentType": 5126,
      "count": 24,
      "max": [
        0.9362196922302246,
        0.7444276809692383
      ],
      "min": [
        0.7519075870513916,
        0.0020598173141479492
      ],
      "type": "VEC2"
    },
    {
      "bufferView": 0,
      "byteOffset": 1992,
      "componentType": 5125,
      "count": 60,
      "type": "SCALAR"
    }
  ],
  "asset": {
    "extras": {
      "author": "DJMaesen (https://sketchfab.com/bumstrum)",
      "license": "CC-BY-4.0 (http://creativecommons.org/licenses/by/4.0/)",
      "source": "https://sketchfab.com/3d-models/plant-a2643028d9a44b2ab65f918e4dca4241",
      "title": "Plant"
    },
    "generator": "Sketchfab-11.59.2",
    "version": "2.0"
  },
  "bufferViews": [
    {
      "buffer": 0,
      "byteLength": 2232,
      "name": "floatBufferViews",
      "target": 34963
    },
    {
      "buffer": 0,
      "byteLength": 3408,
      "byteOffset": 2232,
      "byteStride": 8,
      "name": "floatBufferViews",
      "target": 34962
    },
    {
      "buffer": 0,
      "byteLength": 5112,
      "byteOffset": 5640,
      "byteStride": 12,
      "name": "floatBufferViews",
      "target": 34962
    },
    {
      "buffer": 0,
      "byteLength": 3408,
      "byteOffset": 10752,
      "byteStride": 16,
      "name": "floatBufferViews",
      "target": 34962
    }
  ],
  "buffers": [
    {
      "byteLength": 14160,
      "uri": "scene.bin"
    }
  ],
  "images": [
    {
      "uri": "textures/plant1leaf_baseColor.png"
    },
    {
      "uri": "textures/plant1leaf_normal.png"
    }
  ],
  "materials": [
    {
      "alphaMode": "BLEND",
      "doubleSided": true,
      "name": "plant1leaf",
      "normalTexture": {
        "index": 1
      },
      "pbrMetallicRoughness": {
        "baseColorTexture": {
          "index": 0
        },
        "metallicFactor": 0.0,
        "roughnessFactor": 0.9524317153998911
      }
    }
  ],
  "meshes": [
    {
      "name": "leaf3_plant1leaf_0",
      "primitives": [
        {
          "attributes": {
            "NORMAL": 1,
            "POSITION": 0,
            "TANGENT": 2,
            "TEXCOORD_0": 3,
            "TEXCOORD_1": 4
          },
          "indices": 5,
          "material": 0,
          "mode": 4
        }
      ]
    },
    {
      "name": "leaf3_1_plant1leaf_0",
      "primitives": [
        {
          "attributes": {
            "NORMAL": 7,
            "POSITION": 6,
            "TANGENT": 8,
            "TEXCOORD_0": 9,
            "TEXCOORD_1": 10
          },
          "indices": 11,
          "material": 0,
          "mode": 4
        }
      ]
    },
    {
      "name": "leaf2_1_plant1leaf_0",
      "primitives": [
        {
          "attributes": {
            "NORMAL": 13,
            "POSITION": 12,
            "TANGENT": 14,
            "TEXCOORD_0": 15,
            "TEXCOORD_1": 16
          },
          "indices": 17,
          "material": 0,
          "mode": 4
        }
      ]
    },
    {
      "name": "leaf2_2_plant1leaf_0",
      "primitives": [
        {
          "attributes": {
            "NORMAL": 19,
            "POSITION": 18,
            "TANGENT": 20,
            "TEXCOORD_0": 21,
            "TEXCOORD_1": 22
          },
          "indices": 23,
          "material": 0,
          "mode": 4
        }
      ]
    },
    {
      "name": "leaf1_1_plant1leaf_0",
      "primitives": [
        {
          "attributes": {
            "NORMAL": 25,
            "POSITION": 24,
            "TANGENT": 26,
            "TEXCOORD_0": 27,
            "TEXCOORD_1": 28
          },
          "indices": 29,
          "material": 0,
          "mode": 4
        }
      ]
    },
    {
      "name": "leaf1_3_plant1leaf_0",
      "primitives": [
        {
          "attributes": {
            "NORMAL": 31,
            "POSITION": 30,
            "TANGENT": 32,
            "TEXCOORD_0": 33,
            "TEXCOORD_1": 34
          },
          "indices": 35,
          "material": 0,
          "mode": 4
        }
      ]
    },
    {
      "name": "leaf2_plant1leaf_0",
      "primitives": [
        {
          "attributes": {
            "NORMAL": 37,
            "POSITION": 36,
            "TANGENT": 38,
            "TEXCOORD_0": 39,
            "TEXCOORD_1": 40
          },
          "indices": 41,
          "material": 0,
          "mode": 4
        }
      ]
    },
    {
      "name": "leaf1_plant1leaf_0",
      "primitives": [
        {
          "attributes": {
            "NORMAL": 43,
            "POSITION": 42,
            "TANGENT": 44,
            "TEXCOORD_0": 45,
            "TEXCOORD_1": 46
          },
          "indices": 47,
          "material": 0,
          "mode": 4
        }
      ]
    },
    {
      "name": "leaf1_2_plant1leaf_0",
      "primitives": [
        {
          "attributes": {
            "NORMAL": 49,
            "POSITION": 48,
            "TANGENT": 50,
            "TEXCOORD_0": 51,
            "TEXCOORD_1": 52
          },
          "indices": 53,
          "material": 0,
          "mode": 4
        }
      ]
    }
  ],
  "nodes": [
    {
      "children": [
        1
      ],
      "matrix": [
        1.0,
        0.0,
        0.0,
        0.0,
        0.0,
        2.220446049250313e-16,
        -1.0,
        0.0,
        0.0,
        1.0,
        2.220446049250313e-16,
        0.0,
        0.0,
        0.0,
        0.0,
        1.0
      ],
      "name": "Sketchfab_model"
    },
    {
      "children": [
        2
      ],
      "matrix": [
        0.009999999776482582,
        0.0,
        0.0,
        0.0,
        0.0,
        0.0,
        0.009999999776482582,
        0.0,
        0.0,
        -0.009999999776482582,
        0.0,
        0.0,
        0.0,
        0.0,
        0.0,
        1.0
      ],
      "name": "0647adefa24f40688cdc3273ea6440b6.fbx"
    },
    {
      "children": [
        3
      ],
      "name": "RootNode"
    },
    {
      "children": [
        4,
        6,
        8,
        10,
        12,
        14,
        16,
        18,
        20
      ],
      "name": "root"
    },
    {
      "children": [
        5
      ],
      "matrix": [
        0.9949153666465229,
        0.05398575005030065,
        -0.08502324389319332,
        0.0,
        -0.0662930022625449,
        0.9865644187538392,
        -0.149318068229929,
        0.0,
        0.07581985928259949,
        0.15419528669971067,
        0.9851269778551194,
        0.0,
        -0.3315173089504242,
        1.1102230246251565e-16,
        -4.38186502456665,
        1.0
      ],
      "name": "leaf3"
    },
    {
      "mesh": 0,
      "name": "leaf3_plant1leaf_0"
    },
    {
      "children": [
        7
      ],
      "matrix": [
        -0.8651166889791937,
        0.05398575005030047,
        -0.49865684918707764,
        0.0,
        -0.03090412639543172,
        0.9865644187538393,
        0.1604231361762837,
        0.0,
        0.5006176679077683,
        0.15419528669971003,
        -0.8518249609738975,
        0.0,
        -0.3315173089504242,
        1.0807351607532742e-16,
        -4.38186502456665,
        1.0
      ],
      "name": "leaf3_1"
    },
    {
      "mesh": 1,
      "name": "leaf3_1_plant1leaf_0"
    },
    {
      "children": [
        9
      ],
      "matrix": [
        -0.389946047769939,
        -0.010726865036971706,
        0.9207752245771403,
        0.0,
        0.3225379827984052,
        0.9349957004227645,
        0.14748657512899155,
        0.0,
        -0.8625029446216055,
        0.3544967906165337,
        -0.3611380566509672,
        0.0,
        4.387947082519531,
        -0.5075387954711914,
        15.771531105041504,
        1.0
      ],
      "name": "leaf2_1"
    },
    {
      "mesh": 2,
      "name": "leaf2_1_plant1leaf_0"
    },
    {
      "children": [
        11
      ],
      "matrix": [
        0.8201456552498566,
        -0.010726865036971983,
        -0.5720542269236911,
        0.0,
        -0.19458806743777124,
        0.9349957004227646,
        -0.2965105802526736,
        0.0,
        0.5380488715587245,
        0.35449679061653344,
        0.7647453414418167,
        0.0,
        -23.073822021484375,
        -0.5075387954711914,
        -17.931549072265625,
        1.0
      ],
      "name": "leaf2_2"
    },
    {
      "mesh": 3,
      "name": "leaf2_2_plant1leaf_0"
    },
    {
      "children": [
        13
      ],
      "matrix": [
        0.6412749880190819,
        -0.0195210126225107,
        -0.7670627873957373,
        0.0,
        -0.2453364710334176,
        0.9419838834860104,
        -0.22907723421039375,
        0.0,
        0.7270326029291915,
        0.33508997794444156,
        0.5992814872488539,
        0.0,
        -10.344977378845215,
        -1.1801273822784424,
        -29.212833404541016,
        1.0
      ],
      "name": "leaf1_1"
    },
    {
      "mesh": 4,
      "name": "leaf1_1_plant1leaf_0"
    },
    {
      "children": [
        15
      ],
      "matrix": [
        0.6677829878287388,
        -0.019521012622506842,
        0.7441000008283258,
        0.0,
        0.2617197000098256,
        0.9419838834860104,
        -0.2101646066286646,
        0.0,
        -0.6968275825434076,
        0.33508997794444156,
        0.6341498457682571,
        0.0,
        4.010037899017334,
        -1.1801273822784424,
        -16.73021125793457,
        1.0
      ],
      "name": "leaf1_3"
    },
    {
      "mesh": 5,
      "name": "leaf1_3_plant1leaf_0"
    },
    {
      "children": [
        17
      ],
      "matrix": [
        -0.3280057025129639,
        -0.12843937360353747,
        -0.9359036202661619,
        0.0,
        -0.1370793834628381,
        0.9866995656182252,
        -0.08736824273300822,
        0.0,
        0.9346772179466158,
        0.09963580941176009,
        -0.34124947433576835,
        0.0,
        -16.5169620513916,
        -0.4439587891101837,
        -8.75078296661377,
        1.0
      ],
      "name": "leaf2"
    },
    {
      "mesh": 6,
      "name": "leaf2_plant1leaf_0"
    },
    {
      "children": [
        19
      ],
      "matrix": [
        0.10362715260256117,
        -0.019521012622510263,
        0.9944246292754808,
        0.0,
        0.11632903250065851,
        0.9931833552719472,
        0.007374212379493747,
        0.0,
        -0.9877899419618255,
        0.1149162863868692,
        0.10519162363089951,
        0.0,
        10.559930801391602,
        -1.2437074184417725,
        -6.878389358520508,
        1.0
      ],
      "name": "leaf1"
    },
    {
      "mesh": 7,
      "name": "leaf1_plant1leaf_0"
    },
    {
      "children": [
        21
      ],
      "matrix": [
        0.9852666166540615,
        0.029856605700880893,
        0.16839916033959576,
        0.0,
        -0.03653964398065304,
        0.9986570926485072,
        0.036726907310553676,
        0.0,
        -0.1670764750790065,
        -0.042339041071486276,
        0.9850344446141572,
        0.0,
        10.559930801391602,
        -1.2437074184417725,
        -6.878389358520508,
        1.0
      ],
      "name": "leaf1_2"
    },
    {
      "mesh": 8,
      "name": "leaf1_2_plant1leaf_0"
    }
  ],
  "samplers": [
    {
      "magFilter": 9729,
      "minFilter": 9987,
      "wrapS": 10497,
      "wrapT": 10497
    }
  ],
  "scene": 0,
  "scenes": [
    {
      "name": "Sketchfab_Scene",
      "nodes": [
        0
      ]
    }
  ],
  "textures": [
    {
      "sampler": 0,
      "source": 0
    },
    {
      "sampler": 0,
      "source": 1
    }
  ]
}
